7680 1728
398 7288
397 7288
397 7289
396 7290
396 7290
395 7291
395 7291
394 7292
394 7293
393 7293
393 7294
392 7294
391 7295
391 7296
390 7296
390 7297
389 7298
388 7298
388 7299
387 7300
387 7300
386 7301
385 7301
385 7302
384 7303
384 7303
383 7304
382 7305
382 7305
381 7306
380 7307
380 7307
379 7308
379 7309
378 7309
377 7310
377 7311
376 7311
375 7312
375 7312
374 7313
373 7314
373 7314
372 7315
371 7316
371 7316
370 7317
369 7318
369 7318
368 7319
367 7320
367 7320
366 7321
365 7322
365 7322
364 7323
363 7324
363 7324
362 7325
361 7326
361 7326
360 7327
359 7327
359 7328
358 7329
357 7329
357 7330
356 7331
355 7331
355 7332
354 7333
353 7333
353 7334
352 7334
351 7335
351 7336
350 7336
349 7337
349 7338
348 7338
347 7339
347 7339
346 7340
345 7341
345 7341
344 7342
343 7343
343 7343
342 7344
342 7344
341 7345
340 7346
340 7346
339 7347
339 7347
338 7348
337 7349
337 7349
336 7350
336 7351
335 7351
334 7352
334 7352
333 7353
333 7354
332 7354
331 7355
331 7355
330 7356
330 7357
329 7357
328 7358
328 7358
327 7359
327 7360
326 7360
325 7361
325 7361
324 7362
324 7363
323 7363
322 7364
322 7364
321 7365
321 7366
320 7366
319 7367
319 7367
318 7368
318 7369
317 7369
317 7370
316 7370
315 7371
315 7371
314 7372
314 7373
313 7373
312 7374
312 7374
311 7375
311 7375
310 7376
310 7377
309 7377
309 7378
308 7378
307 7379
307 7379
306 7380
306 7380
305 7381
305 7382
304 7382
304 7383
303 7383
302 7384
302 7384
301 7385
301 7385
300 7386
300 7386
299 7387
299 7387
298 7388
298 7389
297 7389
296 7390
296 7390
295 7391
295 7391
294 7392
294 7392
293 7393
293 7393
292 7394
292 7394
291 7395
291 7395
290 7396
290 7396
289 7397
289 7397
288 7398
288 7398
287 7399
287 7399
286 7400
286 7400
285 7401
285 7401
284 7402
284 7402
283 7403
283 7403
282 7404
282 7404
281 7405
281 7405
280 7406
280 7406
280 7406
279 7407
279 7407
278 7408
278 7408
277 7409
277 7409
276 7410
276 7410
275 7411
275 7411
274 7412
274 7412
273 7413
273 7413
273 7414
272 7414
272 7414
271 7415
271 7415
270 7416
270 7416
269 7417
269 7417
269 7418
268 7418
268 7419
267 7419
267 7419
266 7420
266 7420
265 7421
265 7421
264 7422
264 7422
264 7423
263 7423
263 7424
262 7424
262 7424
261 7425
261 7425
261 7426
260 7426
260 7427
259 7427
259 7428
258 7428
258 7428
258 7429
257 7429
257 7430
256 7430
256 7431
255 7431
255 7431
255 7432
254 7432
254 7433
253 7433
253 7434
253 7434
252 7435
252 7435
251 7435
251 7436
251 7436
250 7437
250 7437
249 7438
249 7438
249 7439
248 7439
248 7439
247 7440
247 7440
247 7441
246 7441
246 7442
246 7442
245 7442
245 7443
244 7443
244 7444
244 7444
243 7445
243 7445
243 7446
242 7446
242 7446
241 7447
241 7447
241 7448
240 7448
240 7449
240 7449
239 7450
239 7450
238 7450
238 7451
238 7451
237 7452
237 7452
237 7453
236 7453
236 7453
236 7454
235 7454
235 7455
234 7455
234 7456
234 7456
233 7456
233 7457
233 7457
232 7458
232 7458
232 7459
231 7459
231 7459
231 7460
230 7460
230 7461
229 7461
229 7461
229 7462
228 7462
228 7463
228 7463
227 7463
227 7464
227 7464
226 7465
226 7465
226 7465
225 7466
225 7466
224 7467
224 7467
224 7467
223 7468
223 7468
223 7469
222 7469
222 7469
222 7470
221 7470
221 7470
221 7471
220 7471
220 7472
220 7472
219 7472
219 7473
218 7473
218 7473
218 7474
217 7474
217 7474
217 7475
216 7475
216 7476
216 7476
215 7476
215 7477
215 7477
214 7477
214 7478
214 7478
213 7478
213 7479
213 7479
212 7479
212 7480
211 7480
211 7480
211 7481
210 7481
210 7481
210 7481
209 7482
209 7482
209 7482
208 7483
208 7483
207 7483
207 7484
207 7484
206 7484
206 7485
206 7485
205 7485
205 7485
205 7486
204 7486
204 7486
203 7487
203 7487
203 7487
202 7487
202 7488
202 7488
201 7488
201 7489
201 7489
200 7489
200 7489
200 7490
199 7490
199 7490
199 7491
198 7491
198 7491
198 7491
197 7492
197 7492
197 7492
197 7493
196 7493
196 7493
196 7493
195 7494
195 7494
195 7494
194 7494
194 7495
194 7495
193 7495
193 7495
193 7496
193 7496
192 7496
192 7496
192 7497
191 7497
191 7497
191 7497
191 7498
190 7498
190 7498
190 7498
189 7499
189 7499
189 7499
189 7499
188 7500
188 7500
188 7500
188 7500
187 7500
187 7501
187 7501
186 7501
186 7501
186 7502
186 7502
185 7502
185 7502
185 7502
185 7503
184 7503
184 7503
184 7503
184 7503
183 7504
183 7504
183 7504
182 7504
182 7504
182 7505
182 7505
181 7505
181 7505
181 7505
181 7506
180 7506
180 7506
180 7506
180 7506
179 7507
179 7507
179 7507
179 7507
178 7507
178 7507
178 7508
178 7508
177 7508
177 7508
177 7508
177 7509
177 7509
176 7509
176 7509
176 7509
176 7509
175 7510
175 7510
175 7510
175 7510
175 7510
174 7511
174 7511
174 7511
174 7511
174 7511
173 7511
173 7512
173 7512
173 7512
173 7512
172 7512
172 7512
172 7513
172 7513
172 7513
171 7513
171 7513
171 7513
171 7514
171 7514
170 7514
170 7514
170 7514
170 7514
170 7515
170 7515
169 7515
169 7515
169 7515
169 7515
169 7516
169 7516
168 7516
168 7516
168 7516
168 7516
168 7516
167 7517
167 7517
167 7517
167 7517
167 7517
167 7517
166 7517
166 7518
166 7518
166 7518
166 7518
166 7518
166 7518
165 7518
165 7519
165 7519
165 7519
165 7519
165 7519
164 7519
164 7519
164 7519
164 7520
164 7520
164 7520
164 7520
163 7520
163 7520
163 7520
163 7521
163 7521
163 7521
162 7521
162 7521
162 7521
162 7521
162 7522
162 7522
162 7522
161 7522
161 7522
161 7522
161 7522
161 7522
161 7523
161 7523
160 7523
160 7523
160 7523
160 7523
160 7523
160 7524
160 7524
159 7524
159 7524
159 7524
159 7524
159 7524
159 7525
159 7525
158 7525
158 7525
158 7525
158 7525
158 7525
158 7526
158 7526
157 7526
157 7526
157 7526
157 7526
157 7526
157 7527
157 7527
156 7527
156 7527
156 7527
156 7527
156 7527
156 7528
156 7528
155 7528
155 7528
155 7528
155 7528
155 7528
155 7529
155 7529
154 7529
154 7529
154 7529
154 7529
154 7529
154 7530
154 7530
154 7530
153 7530
153 7530
153 7530
153 7530
153 7530
153 7531
153 7531
152 7531
152 7531
152 7531
152 7531
152 7531
152 7532
152 7532
152 7532
151 7532
151 7532
151 7532
151 7532
151 7533
151 7533
151 7533
151 7533
150 7533
150 7533
150 7533
150 7534
150 7534
150 7534
150 7534
150 7534
149 7534
149 7535
149 7535
149 7535
149 7535
149 7535
149 7535
148 7535
148 7536
148 7536
148 7536
148 7536
148 7536
148 7536
148 7537
147 7537
147 7537
147 7537
147 7537
147 7537
147 7537
147 7538
146 7538
146 7538
146 7538
146 7538
146 7538
146 7539
146 7539
146 7539
145 7539
145 7539
145 7539
145 7540
145 7540
145 7540
145 7540
145 7540
144 7540
144 7540
144 7541
144 7541
144 7541
144 7541
144 7541
143 7541
143 7541
143 7542
143 7542
143 7542
143 7542
143 7542
143 7542
142 7542
142 7543
142 7543
142 7543
142 7543
142 7543
142 7543
142 7543
141 7544
141 7544
141 7544
141 7544
141 7544
141 7544
141 7544
141 7545
140 7545
140 7545
140 7545
140 7545
140 7545
140 7546
140 7546
140 7546
139 7546
139 7546
139 7546
139 7547
139 7547
139 7547
139 7547
139 7547
138 7547
138 7548
138 7548
138 7548
138 7548
138 7548
138 7548
137 7549
137 7549
137 7549
137 7549
137 7549
137 7549
137 7550
137 7550
136 7550
136 7550
136 7550
136 7550
136 7551
136 7551
136 7551
136 7551
135 7551
135 7551
135 7552
135 7552
135 7552
135 7552
135 7552
134 7552
134 7553
134 7553
134 7553
134 7553
134 7553
134 7553
134 7554
133 7554
133 7554
133 7554
133 7554
133 7555
133 7555
133 7555
132 7555
132 7555
132 7555
132 7556
132 7556
132 7556
132 7556
131 7556
131 7556
131 7556
131 7557
131 7557
131 7557
131 7557
131 7557
130 7557
130 7558
130 7558
130 7558
130 7558
130 7559
130 7559
129 7559
129 7559
129 7560
129 7560
129 7560
129 7560
129 7560
128 7561
128 7561
128 7561
128 7561
128 7561
128 7561
128 7562
127 7562
127 7562
127 7562
127 7562
127 7562
127 7562
127 7562
127 7562
126 7562
126 7563
126 7563
126 7563
126 7563
126 7563
126 7563
126 7563
126 7563
126 7563
126 7563
126 7563
126 7563
125 7563
125 7563
125 7562
125 7562
125 7562
125 7562
125 7562
125 7562
125 7562
125 7562
125 7561
125 7561
125 7561
125 7561
125 7561
125 7561
125 7560
125 7560
125 7560
125 7560
125 7560
126 7559
126 7559
126 7559
126 7559
126 7558
126 7558
126 7558
126 7558
126 7557
126 7557
126 7557
126 7557
127 7556
127 7556
127 7556
127 7556
127 7555
127 7555
127 7555
127 7555
127 7554
128 7554
128 7554
128 7554
128 7554
128 7553
128 7553
128 7553
129 7553
129 7553
129 7552
129 7552
129 7552
129 7552
129 7552
129 7552
130 7552
130 7551
130 7551
130 7551
130 7551
130 7551
130 7551
130 7551
131 7551
131 7550
131 7550
131 7550
131 7550
131 7550
131 7550
131 7550
132 7549
132 7549
132 7549
132 7549
132 7549
132 7549
132 7548
132 7548
132 7548
133 7548
133 7548
133 7548
133 7548
133 7547
133 7547
133 7547
133 7547
133 7547
134 7547
134 7547
134 7546
134 7546
134 7546
134 7546
134 7546
134 7546
135 7545
135 7545
135 7545
135 7545
135 7545
135 7545
135 7545
135 7544
136 7544
136 7544
136 7544
136 7544
136 7544
136 7543
136 7543
136 7543
136 7543
137 7543
137 7543
137 7542
137 7542
137 7542
137 7542
137 7542
137 7542
138 7542
138 7541
138 7541
138 7541
138 7541
138 7541
138 7541
138 7541
139 7540
139 7540
139 7540
139 7540
139 7540
139 7540
139 7540
139 7539
140 7539
140 7539
140 7539
140 7539
140 7539
140 7539
140 7538
140 7538
141 7538
141 7538
141 7538
141 7538
141 7538
141 7537
141 7537
142 7537
142 7537
142 7537
142 7537
142 7537
142 7536
142 7536
142 7536
143 7536
143 7536
143 7536
143 7536
143 7535
143 7535
143 7535
143 7535
143 7535
144 7535
144 7535
144 7534
144 7534
144 7534
144 7534
144 7534
144 7534
145 7534
145 7533
145 7533
145 7533
145 7533
145 7533
145 7533
145 7533
146 7532
146 7532
146 7532
146 7532
146 7532
146 7532
146 7532
146 7531
147 7531
147 7531
147 7531
147 7531
147 7531
147 7531
147 7531
147 7530
148 7530
148 7530
148 7530
148 7530
148 7530
148 7530
148 7529
149 7529
149 7529
149 7529
149 7529
149 7529
149 7529
149 7528
150 7528
150 7528
150 7528
150 7528
150 7528
150 7528
150 7527
150 7527
151 7527
151 7527
151 7527
151 7527
151 7527
151 7527
151 7527
152 7526
152 7526
152 7526
152 7526
152 7526
152 7526
152 7526
152 7525
153 7525
153 7525
153 7525
153 7525
153 7525
153 7525
153 7525
153 7524
154 7524
154 7524
154 7524
154 7524
154 7524
154 7524
154 7524
154 7524
155 7523
155 7523
155 7523
155 7523
155 7523
155 7523
155 7523
155 7522
156 7522
156 7522
156 7522
156 7522
156 7522
156 7522
156 7522
157 7521
157 7521
157 7521
157 7521
157 7521
157 7521
157 7521
157 7520
158 7520
158 7520
158 7520
158 7520
158 7520
158 7520
158 7519
158 7519
159 7519
159 7519
159 7519
159 7519
159 7519
159 7518
159 7518
160 7518
160 7518
160 7518
160 7518
160 7517
160 7517
160 7517
161 7517
161 7517
161 7517
161 7516
161 7516
161 7516
161 7516
162 7516
162 7516
162 7515
162 7515
162 7515
162 7515
162 7515
162 7515
163 7515
163 7514
163 7514
163 7514
163 7514
163 7514
164 7514
164 7513
164 7513
164 7513
164 7513
164 7513
164 7513
165 7512
165 7512
165 7512
165 7512
165 7512
165 7511
166 7511
166 7511
166 7511
166 7511
166 7511
166 7510
167 7510
167 7510
167 7510
167 7510
167 7509
167 7509
168 7509
168 7509
168 7509
168 7508
168 7508
168 7508
169 7508
169 7508
169 7507
169 7507
169 7507
169 7507
170 7507
170 7506
170 7506
170 7506
170 7506
171 7505
171 7505
171 7505
171 7505
171 7505
172 7504
172 7504
172 7504
172 7504
172 7503
173 7503
173 7503
173 7503
173 7503
173 7502
174 7502
174 7502
174 7502
174 7501
174 7501
175 7501
175 7501
175 7500
175 7500
176 7500
176 7500
176 7499
176 7499
176 7499
177 7499
177 7498
177 7498
177 7498
178 7498
178 7497
178 7497
178 7497
179 7497
179 7496
179 7496
179 7496
180 7495
180 7495
180 7495
180 7495
181 7494
181 7494
181 7494
181 7494
182 7493
182 7493
182 7493
182 7492
183 7492
183 7492
183 7492
183 7491
184 7491
184 7491
184 7490
185 7490
185 7490
185 7490
185 7489
186 7489
186 7489
186 7489
187 7488
187 7488
187 7488
188 7487
188 7487
188 7487
189 7486
189 7486
189 7486
189 7486
190 7485
190 7485
190 7485
191 7484
191 7484
191 7484
192 7483
192 7483
192 7483
193 7483
193 7482
193 7482
194 7482
194 7481
194 7481
195 7481
195 7480
195 7480
196 7480
196 7480
196 7479
197 7479
197 7479
197 7478
198 7478
198 7478
198 7477
199 7477
199 7477
200 7477
200 7476
200 7476
201 7476
201 7475
201 7475
202 7475
202 7474
202 7474
203 7474
203 7473
204 7473
204 7473
204 7473
205 7472
205 7472
205 7472
206 7471
206 7471
206 7471
207 7470
207 7470
208 7470
208 7470
208 7469
209 7469
209 7469
210 7468
210 7468
210 7468
211 7467
211 7467
211 7467
212 7467
212 7466
213 7466
213 7466
213 7465
214 7465
214 7465
215 7464
215 7464
215 7464
216 7464
216 7463
217 7463
217 7463
217 7462
218 7462
218 7462
219 7461
219 7461
219 7461
220 7461
220 7460
221 7460
221 7460
221 7459
222 7459
222 7459
223 7458
223 7458
224 7458
224 7458
224 7457
225 7457
225 7457
226 7456
226 7456
227 7456
227 7455
227 7455
228 7455
228 7454
229 7454
229 7454
229 7454
230 7453
230 7453
231 7453
231 7452
231 7452
232 7452
232 7451
233 7451
233 7451
234 7450
234 7450
234 7450
235 7450
235 7449
236 7449
236 7449
237 7448
237 7448
237 7448
238 7447
238 7447
239 7447
239 7447
239 7446
240 7446
240 7446
241 7445
241 7445
241 7445
242 7444
242 7444
243 7444
243 7443
243 7443
244 7443
244 7442
245 7442
245 7442
245 7441
246 7441
246 7441
247 7440
247 7440
247 7440
248 7440
248 7439
249 7439
249 7439
249 7438
250 7438
250 7438
251 7437
251 7437
251 7437
252 7436
252 7436
253 7436
253 7435
253 7435
254 7435
254 7434
255 7434
255 7434
255 7433
256 7433
256 7433
257 7432
257 7432
257 7431
258 7431
258 7431
259 7430
259 7430
259 7430
260 7429
260 7429
261 7429
261 7428
261 7428
262 7428
262 7427
262 7427
263 7426
263 7426
264 7426
264 7425
264 7425
265 7425
265 7424
266 7424
266 7423
266 7423
267 7422
267 7422
268 7422
268 7421
268 7421
269 7420
269 7420
270 7420
270 7419
270 7419
271 7418
271 7418
271 7418
272 7417
272 7417
273 7416
273 7416
273 7415
274 7415
274 7415
275 7414
275 7414
275 7413
276 7413
276 7412
277 7412
277 7412
277 7411
278 7411
278 7410
279 7410
279 7409
279 7409
280 7408
280 7408
281 7407
281 7407
282 7406
282 7406
282 7406
283 7405
283 7405
284 7404
284 7404
285 7403
285 7403
285 7402
286 7402
286 7401
287 7401
287 7400
288 7400
288 7399
288 7399
289 7398
289 7398
290 7397
290 7397
291 7397
291 7396
292 7396
292 7395
292 7395
293 7394
293 7394
294 7393
294 7393
295 7392
295 7392
296 7391
296 7391
296 7390
297 7390
297 7389
298 7389
298 7388
299 7388
299 7387
300 7387
300 7386
301 7385
301 7385
302 7384
302 7384
303 7383
303 7383
304 7382
304 7382
305 7381
305 7381
305 7380
306 7380
306 7379
307 7379
307 7378
308 7378
308 7377
309 7377
309 7376
310 7376
310 7375
311 7374
311 7374
312 7373
312 7373
313 7372
313 7372
314 7371
314 7371
315 7370
315 7370
316 7369
316 7369
317 7368
317 7368
318 7367
318 7367
319 7366
319 7365
320 7365
320 7364
321 7364
321 7363
322 7363
323 7362
323 7362
324 7361
324 7361
325 7360
325 7360
326 7359
326 7358
327 7358
327 7357
328 7357
328 7356
329 7356
330 7355
330 7355
331 7354
331 7354
332 7353
332 7352
333 7352
333 7351
334 7351
334 7350
335 7350
336 7349
336 7349
337 7348
337 7348
338 7347
338 7346
339 7346
339 7345
340 7345
341 7344
341 7344
342 7343
342 7343
343 7342
343 7342
344 7341
344 7340
345 7340
346 7339
346 7339
347 7338
347 7338
348 7337
348 7337
349 7336
350 7336
350 7335
351 7334
351 7334
352 7333
352 7333
353 7332
354 7332
354 7331
355 7331
355 7330
356 7329
357 7329
357 7328
358 7328
358 7327
359 7327
359 7326
360 7326
361 7325
361 7324
362 7324
362 7323
363 7323
364 7322
364 7322
365 7321
365 7321
366 7320
367 7320
367 7319
368 7318
368 7318
369 7317
370 7317
370 7316
371 7316
371 7315
372 7315
373 7314
373 7313
374 7313
374 7312
375 7312
376 7311
376 7311
377 7310
378 7310
378 7309
379 7308
380 7308
380 7307
381 7307
381 7306
382 7306
383 7305
383 7304
384 7304
385 7303
385 7303
386 7302
387 7302
