7680	5328
0	0
0	0
0	0
0	0
0	0
0	0
0	0
0	0
0	0
0	0
0	0
0	0
0	0
0	0
0	0
0	0
0	0
0	0
0	0
0	0
1819	5733
1805	5762
1792	5790
1778	5819
1764	5848
1750	5877
1737	5906
1723	5934
1709	5963
1695	5992
1682	6021
1668	6050
1654	6078
1641	6107
1627	6136
1613	6165
1599	6194
1590	6210
1585	6214
1581	6218
1576	6222
1571	6226
1567	6229
1562	6233
1557	6237
1553	6241
1548	6245
1543	6249
1539	6253
1534	6257
1529	6261
1524	6265
1520	6268
1515	6272
1510	6276
1506	6280
1501	6284
1496	6288
1492	6292
1487	6296
1482	6300
1477	6303
1473	6307
1468	6311
1463	6315
1459	6319
1454	6323
1449	6327
1445	6331
1440	6335
1435	6338
1431	6342
1426	6346
1421	6350
1416	6354
1412	6358
1407	6362
1402	6366
1398	6370
1393	6373
1388	6377
1384	6381
1379	6385
1374	6389
1370	6393
1365	6397
1360	6401
1355	6405
1351	6408
1346	6410
1341	6412
1337	6414
1332	6416
1327	6418
1323	6420
1320	6422
1318	6424
1315	6426
1312	6428
1309	6430
1306	6432
1303	6434
1300	6436
1297	6438
1294	6440
1291	6442
1288	6444
1285	6446
1282	6448
1279	6450
1276	6452
1273	6454
1270	6456
1267	6458
1264	6460
1261	6462
1258	6464
1256	6466
1253	6468
1250	6470
1247	6472
1244	6474
1241	6476
1238	6478
1235	6480
1232	6482
1229	6484
1226	6486
1223	6488
1220	6490
1217	6492
1214	6494
1211	6496
1208	6498
1205	6500
1202	6502
1199	6504
1196	6506
1194	6508
1191	6510
1188	6512
1185	6514
1182	6516
1179	6518
1176	6520
1173	6522
1170	6524
1167	6526
1164	6528
1161	6530
1158	6532
1155	6534
1152	6536
1149	6538
1146	6540
1143	6542
1140	6544
1137	6546
1135	6548
1132	6550
1129	6552
1126	6554
1123	6556
1120	6558
1117	6560
1114	6562
1111	6564
1108	6566
1105	6568
1102	6570
1099	6572
1096	6574
1093	6576
1090	6578
1087	6580
1084	6582
1081	6584
1078	6586
1075	6588
1073	6590
1070	6592
1067	6594
1064	6596
1061	6598
1058	6600
1055	6602
1052	6604
1049	6606
1046	6608
1043	6610
1040	6612
1037	6614
1034	6616
1031	6618
1028	6620
1025	6622
1022	6624
1019	6626
1016	6628
1013	6630
1011	6632
1008	6634
1005	6636
1004	6638
1003	6640
1001	6642
1000	6644
998	6646
997	6648
996	6649
994	6651
993	6652
991	6654
990	6656
989	6657
987	6659
986	6661
984	6662
983	6664
981	6665
980	6667
979	6669
977	6670
976	6672
974	6674
973	6675
972	6677
970	6678
969	6680
967	6682
966	6683
965	6685
963	6687
962	6688
960	6690
959	6691
958	6693
956	6695
955	6696
953	6698
952	6699
951	6701
949	6703
948	6704
946	6706
945	6708
944	6709
942	6711
941	6712
939	6714
938	6716
936	6717
935	6719
934	6721
932	6722
931	6724
929	6725
928	6727
927	6729
925	6730
924	6732
922	6734
921	6735
920	6737
918	6738
917	6740
915	6742
914	6743
913	6745
911	6746
910	6748
908	6750
907	6751
906	6753
904	6755
903	6756
901	6758
900	6759
899	6761
897	6763
896	6764
894	6766
893	6768
891	6769
890	6771
889	6772
887	6774
886	6776
884	6777
883	6779
882	6781
880	6782
879	6784
877	6785
876	6787
875	6789
873	6790
872	6792
870	6793
869	6795
868	6797
866	6798
865	6800
863	6802
862	6803
861	6805
859	6806
858	6808
856	6810
855	6811
854	6813
852	6815
851	6816
849	6818
848	6819
847	6821
845	6823
844	6824
842	6826
841	6828
839	6829
838	6831
837	6832
835	6834
834	6836
832	6837
831	6839
830	6840
828	6842
827	6844
825	6845
824	6847
823	6849
821	6850
820	6852
818	6853
817	6855
816	6857
814	6858
813	6860
811	6862
810	6863
809	6865
807	6866
806	6868
804	6870
803	6871
802	6873
800	6875
799	6876
797	6878
796	6879
794	6881
793	6883
792	6884
790	6886
789	6887
787	6889
786	6891
785	6892
783	6894
782	6896
780	6897
779	6899
778	6900
776	6902
775	6904
773	6905
772	6907
771	6909
769	6910
768	6912
766	6913
765	6915
764	6916
762	6917
761	6918
759	6919
758	6921
757	6922
755	6923
754	6924
752	6925
751	6927
750	6928
749	6929
748	6930
746	6931
745	6932
744	6934
743	6935
742	6936
741	6937
740	6938
739	6940
738	6941
737	6942
736	6943
735	6944
734	6945
733	6947
732	6948
731	6949
730	6950
729	6951
728	6953
727	6954
726	6955
725	6956
724	6957
723	6958
722	6960
721	6961
720	6962
719	6963
718	6964
717	6966
716	6967
715	6968
714	6969
712	6970
711	6971
710	6973
709	6974
708	6975
707	6976
706	6977
705	6979
704	6980
703	6981
702	6982
701	6983
700	6984
699	6986
698	6987
697	6988
696	6989
695	6990
694	6992
693	6993
692	6994
691	6995
690	6996
689	6997
688	6999
687	7000
686	7001
685	7002
684	7003
683	7005
682	7006
681	7007
680	7008
678	7009
677	7010
676	7012
675	7013
674	7014
673	7015
672	7016
671	7018
670	7019
669	7020
668	7021
667	7022
666	7023
665	7025
664	7026
663	7027
662	7028
661	7029
660	7031
659	7032
658	7033
657	7034
656	7035
655	7036
654	7038
653	7039
652	7040
651	7041
650	7042
649	7044
648	7045
647	7046
645	7047
644	7048
643	7049
642	7051
641	7052
640	7053
639	7054
638	7055
637	7057
636	7058
635	7059
634	7060
633	7061
632	7062
631	7064
630	7065
629	7066
628	7067
627	7068
626	7070
625	7071
624	7072
623	7073
622	7074
621	7075
620	7077
619	7078
618	7079
617	7080
616	7081
615	7083
614	7084
613	7085
611	7086
610	7087
609	7088
608	7090
607	7091
606	7092
605	7093
604	7094
603	7096
602	7097
601	7098
600	7099
599	7100
598	7102
597	7103
596	7104
595	7105
594	7106
593	7107
592	7109
591	7110
590	7111
589	7112
588	7113
587	7115
586	7116
585	7117
584	7118
583	7119
582	7120
581	7122
580	7123
578	7124
577	7125
576	7126
575	7128
574	7129
573	7130
572	7131
571	7132
570	7133
569	7135
568	7136
567	7136
566	7137
565	7138
564	7139
563	7139
562	7140
561	7141
560	7141
560	7142
559	7143
558	7143
557	7144
556	7145
556	7145
555	7146
554	7147
553	7148
552	7148
552	7149
551	7150
550	7150
549	7151
548	7152
548	7152
547	7153
546	7154
545	7155
544	7155
544	7156
543	7157
542	7157
541	7158
540	7159
540	7159
539	7160
538	7161
537	7161
536	7162
536	7163
535	7164
534	7164
533	7165
532	7166
532	7166
531	7167
530	7168
529	7168
528	7169
528	7170
527	7170
526	7171
525	7172
524	7173
524	7173
523	7174
522	7175
521	7175
520	7176
520	7177
519	7177
518	7178
517	7179
516	7179
516	7180
515	7181
514	7182
513	7182
512	7183
512	7184
511	7184
510	7185
509	7186
508	7186
508	7187
507	7188
506	7188
505	7189
504	7190
504	7191
503	7191
502	7192
501	7193
500	7193
500	7194
499	7195
498	7195
497	7196
496	7197
496	7197
495	7198
494	7199
493	7200
492	7200
492	7201
491	7202
490	7202
489	7203
488	7204
488	7204
487	7205
486	7206
485	7206
484	7207
484	7208
483	7209
482	7209
481	7210
480	7211
480	7211
479	7212
478	7213
477	7213
476	7214
476	7215
475	7215
474	7216
473	7217
472	7218
472	7218
471	7219
470	7220
469	7220
468	7221
468	7222
467	7222
466	7223
465	7224
464	7224
464	7225
463	7226
462	7227
461	7227
460	7228
460	7229
459	7229
458	7230
457	7231
456	7231
456	7232
455	7233
454	7233
453	7234
452	7235
452	7236
451	7236
450	7237
449	7238
448	7238
448	7239
447	7240
446	7240
445	7241
444	7242
444	7242
443	7243
442	7244
441	7245
440	7245
440	7246
439	7247
438	7247
437	7248
436	7249
436	7249
435	7250
434	7251
433	7251
432	7252
432	7253
431	7254
430	7254
429	7255
428	7256
428	7256
427	7257
426	7258
425	7258
425	7259
424	7260
424	7261
423	7261
423	7262
422	7263
422	7263
422	7264
421	7265
421	7265
420	7266
420	7267
419	7267
419	7268
418	7269
418	7270
417	7270
417	7271
416	7272
416	7272
415	7273
415	7274
414	7274
414	7275
413	7276
413	7276
412	7277
412	7278
411	7279
411	7279
410	7280
410	7281
409	7281
409	7282
408	7283
408	7283
407	7284
407	7285
407	7285
406	7286
406	7287
405	7288
405	7288
404	7289
404	7290
403	7290
403	7291
402	7291
402	7292
401	7292
401	7292
400	7293
400	7293
399	7294
399	7294
398	7295
398	7295
397	7296
397	7296
396	7297
396	7297
395	7298
395	7298
394	7299
394	7299
393	7300
393	7300
392	7301
392	7301
391	7302
391	7302
391	7303
390	7303
390	7304
389	7304
389	7305
388	7305
388	7305
387	7306
387	7306
386	7307
386	7307
385	7308
385	7308
384	7309
384	7309
383	7310
383	7310
382	7311
382	7311
381	7312
381	7312
380	7313
380	7313
379	7314
379	7314
378	7315
378	7315
377	7316
377	7316
376	7317
376	7317
375	7318
375	7318
375	7319
374	7319
374	7319
373	7320
373	7320
372	7321
372	7321
371	7322
371	7322
370	7323
370	7323
369	7324
369	7324
368	7325
368	7325
367	7326
367	7326
366	7327
366	7327
365	7328
365	7328
364	7329
364	7329
363	7330
363	7330
362	7331
362	7331
361	7332
361	7332
360	7332
360	7333
360	7333
359	7334
359	7334
358	7335
358	7335
357	7336
357	7336
356	7337
356	7337
355	7338
355	7338
354	7339
354	7339
353	7340
353	7340
352	7341
352	7341
351	7342
351	7342
350	7343
350	7343
349	7344
349	7344
348	7345
348	7345
347	7345
347	7346
346	7346
346	7347
345	7347
345	7348
344	7348
344	7349
344	7349
343	7350
343	7350
342	7351
342	7351
341	7352
341	7352
340	7353
340	7353
339	7354
339	7354
338	7355
338	7355
337	7356
337	7356
336	7357
336	7357
335	7358
335	7358
334	7358
334	7359
334	7359
333	7360
333	7360
333	7361
333	7361
332	7362
332	7362
332	7363
331	7363
331	7364
331	7364
330	7365
330	7365
330	7366
329	7366
329	7367
329	7367
328	7368
328	7368
328	7369
327	7369
327	7370
327	7370
326	7371
326	7371
326	7372
326	7372
325	7372
325	7373
325	7373
324	7374
324	7374
324	7375
323	7375
323	7376
323	7376
322	7377
322	7377
322	7378
321	7378
321	7379
321	7379
320	7380
320	7380
320	7381
320	7381
319	7382
319	7382
319	7383
318	7383
318	7384
318	7384
317	7385
317	7385
317	7385
316	7386
316	7386
316	7387
315	7387
315	7388
315	7388
314	7389
314	7389
314	7390
314	7390
313	7391
313	7391
313	7392
312	7392
312	7393
312	7393
311	7394
311	7394
311	7395
310	7395
310	7396
310	7396
309	7397
309	7397
309	7398
308	7398
308	7398
308	7399
307	7399
307	7400
307	7400
307	7401
306	7401
306	7402
306	7402
305	7403
305	7403
305	7404
304	7404
304	7405
304	7405
303	7406
303	7406
303	7407
302	7407
302	7408
302	7408
301	7409
301	7409
301	7410
301	7410
300	7411
300	7411
300	7411
299	7412
299	7412
299	7413
298	7413
298	7414
298	7414
297	7415
297	7415
297	7416
296	7416
296	7417
296	7417
295	7418
295	7418
295	7419
295	7419
294	7420
294	7420
294	7421
293	7421
293	7422
293	7422
292	7423
292	7423
292	7424
291	7424
291	7425
291	7425
290	7425
290	7426
290	7426
289	7427
289	7427
289	7428
288	7428
288	7429
288	7429
288	7430
287	7430
287	7431
287	7431
286	7432
286	7432
286	7433
285	7433
285	7434
285	7434
284	7435
284	7435
284	7436
283	7436
283	7437
283	7437
282	7438
282	7438
282	7438
282	7439
281	7439
281	7440
281	7440
280	7441
280	7441
280	7442
279	7442
279	7443
279	7443
278	7443
278	7444
278	7444
277	7444
277	7444
277	7445
276	7445
276	7445
276	7445
275	7445
275	7446
275	7446
275	7446
274	7446
274	7447
274	7447
273	7447
273	7447
273	7447
272	7448
272	7448
272	7448
271	7448
271	7449
271	7449
270	7449
270	7449
270	7449
269	7450
269	7450
269	7450
269	7450
268	7451
268	7451
268	7451
267	7451
267	7451
267	7452
266	7452
266	7452
266	7452
265	7453
265	7453
265	7453
264	7453
264	7453
264	7454
263	7454
263	7454
263	7454
263	7454
262	7455
262	7455
262	7455
261	7455
261	7456
261	7456
260	7456
260	7456
260	7456
259	7457
259	7457
259	7457
258	7457
258	7458
258	7458
257	7458
257	7458
257	7458
256	7459
256	7459
256	7459
256	7459
255	7460
255	7460
255	7460
254	7460
254	7460
254	7461
253	7461
253	7461
253	7461
252	7462
252	7462
252	7462
251	7462
251	7462
251	7463
250	7463
250	7463
250	7463
250	7464
249	7464
249	7464
249	7464
248	7464
248	7465
248	7465
247	7465
247	7465
247	7466
246	7466
246	7466
246	7466
245	7466
245	7467
245	7467
244	7467
244	7467
244	7468
244	7468
243	7468
243	7468
243	7468
242	7469
242	7469
242	7469
241	7469
241	7469
241	7470
240	7470
240	7470
240	7470
239	7471
239	7471
239	7471
238	7471
238	7471
238	7472
237	7472
237	7472
237	7472
237	7473
236	7473
236	7473
236	7473
235	7473
235	7474
235	7474
234	7474
234	7474
234	7475
233	7475
233	7475
233	7475
232	7475
232	7476
232	7476
231	7476
231	7476
231	7477
231	7477
230	7477
230	7477
230	7477
229	7478
229	7478
229	7478
228	7478
228	7479
228	7479
227	7479
227	7479
227	7479
226	7480
226	7480
226	7480
226	7480
226	7481
226	7481
226	7481
225	7481
225	7481
225	7482
225	7482
225	7482
225	7482
225	7483
224	7483
224	7483
224	7483
224	7483
224	7484
224	7484
224	7484
223	7484
223	7484
223	7485
223	7485
223	7485
223	7485
223	7486
222	7486
222	7486
222	7486
222	7486
222	7487
222	7487
222	7487
221	7487
221	7488
221	7488
221	7488
221	7488
221	7488
221	7489
220	7489
220	7489
220	7489
220	7490
220	7490
220	7490
220	7490
219	7490
219	7491
219	7491
219	7491
219	7491
219	7492
219	7492
218	7492
218	7492
218	7492
218	7493
218	7493
218	7493
218	7493
217	7494
217	7494
217	7494
217	7494
217	7494
217	7495
217	7495
217	7495
216	7495
216	7496
216	7496
216	7496
216	7496
216	7496
216	7497
215	7497
215	7497
215	7497
215	7498
215	7498
215	7498
215	7498
214	7498
214	7499
214	7499
214	7499
214	7499
214	7499
214	7500
213	7500
213	7500
213	7500
213	7501
213	7501
213	7501
213	7501
212	7501
212	7502
212	7502
212	7502
212	7502
212	7503
212	7503
211	7503
211	7503
211	7503
211	7504
211	7504
211	7504
211	7504
210	7505
210	7505
210	7505
210	7505
210	7505
210	7506
210	7506
209	7506
209	7506
209	7507
209	7507
209	7507
209	7507
209	7507
208	7508
208	7508
208	7508
208	7508
208	7509
208	7509
208	7509
207	7509
207	7509
207	7510
207	7510
207	7510
207	7510
207	7511
206	7511
206	7511
206	7511
206	7511
206	7512
206	7512
206	7512
205	7512
205	7512
205	7513
205	7513
205	7513
205	7513
205	7514
204	7514
204	7514
204	7514
204	7514
204	7515
204	7515
204	7515
204	7515
203	7516
203	7516
203	7516
203	7516
203	7516
203	7517
203	7517
202	7517
202	7517
202	7518
202	7518
202	7518
202	7518
202	7518
201	7519
201	7519
201	7519
201	7519
201	7520
201	7520
201	7520
200	7520
200	7520
200	7521
200	7521
200	7521
200	7521
200	7522
199	7522
199	7522
199	7522
199	7522
199	7523
199	7523
199	7523
198	7523
198	7524
198	7524
198	7524
198	7524
198	7524
198	7525
197	7525
197	7525
197	7525
197	7526
197	7526
197	7526
197	7526
196	7526
196	7527
196	7527
196	7527
196	7527
196	7527
196	7528
195	7528
195	7528
195	7528
195	7529
195	7529
195	7529
195	7529
194	7529
194	7529
194	7529
194	7529
194	7529
194	7529
194	7529
193	7530
193	7530
193	7530
193	7530
193	7530
193	7530
193	7530
192	7530
192	7530
192	7530
192	7530
192	7531
192	7531
192	7531
191	7531
191	7531
191	7531
191	7531
191	7531
191	7531
191	7531
191	7531
190	7532
190	7532
190	7532
190	7532
190	7532
190	7532
190	7532
189	7532
189	7532
189	7532
189	7532
189	7533
189	7533
189	7533
188	7533
188	7533
188	7533
188	7533
188	7533
188	7533
188	7533
187	7533
187	7534
187	7534
187	7534
187	7534
187	7534
187	7534
186	7534
186	7534
186	7534
186	7534
186	7534
186	7535
186	7535
185	7535
185	7535
185	7535
185	7535
185	7535
185	7535
185	7535
184	7535
184	7535
184	7536
184	7536
184	7536
184	7536
184	7536
183	7536
183	7536
183	7536
183	7536
183	7536
183	7536
183	7536
182	7537
182	7537
182	7537
182	7537
182	7537
182	7537
182	7537
181	7537
181	7537
181	7537
181	7537
181	7538
181	7538
181	7538
180	7538
180	7538
180	7538
180	7538
180	7538
180	7538
180	7538
179	7538
179	7539
179	7539
179	7539
179	7539
179	7539
179	7539
178	7539
178	7539
178	7539
178	7539
178	7539
178	7540
178	7540
178	7540
177	7540
177	7540
177	7540
177	7540
177	7540
177	7540
177	7540
176	7540
176	7541
176	7541
176	7541
176	7541
176	7541
176	7541
175	7541
175	7541
175	7541
175	7541
175	7541
175	7542
175	7542
174	7542
174	7542
174	7542
174	7542
174	7542
174	7542
174	7542
173	7542
173	7542
173	7542
173	7543
173	7543
173	7543
173	7543
172	7543
172	7543
172	7543
172	7543
172	7543
172	7543
172	7543
171	7544
171	7544
171	7544
171	7544
171	7544
171	7544
171	7544
170	7544
170	7544
170	7544
170	7544
170	7545
170	7545
170	7545
169	7545
169	7545
169	7545
169	7545
169	7545
169	7545
169	7545
168	7545
168	7546
168	7546
168	7546
168	7546
168	7546
168	7546
167	7546
167	7546
167	7546
167	7546
167	7546
167	7547
167	7547
166	7547
166	7547
166	7547
166	7547
166	7547
166	7547
166	7547
165	7547
165	7547
165	7548
165	7548
165	7548
165	7548
165	7548
164	7548
164	7548
164	7548
164	7548
164	7548
164	7548
164	7549
164	7549
163	7549
163	7549
163	7549
163	7549
163	7549
163	7549
163	7549
162	7549
162	7549
162	7549
162	7550
162	7550
162	7550
162	7550
161	7550
161	7550
161	7550
161	7550
161	7550
161	7550
161	7550
160	7551
160	7551
160	7551
160	7551
160	7551
160	7551
160	7551
159	7551
159	7551
159	7551
159	7551
159	7552
159	7552
159	7552
158	7552
158	7552
158	7552
158	7552
158	7552
158	7552
158	7552
157	7552
157	7553
157	7553
157	7553
157	7553
157	7553
157	7553
156	7553
156	7553
156	7553
156	7553
156	7553
156	7554
156	7554
155	7554
155	7554
155	7554
155	7554
155	7554
155	7554
155	7554
154	7554
154	7554
154	7555
154	7555
154	7555
154	7555
154	7555
153	7555
153	7555
153	7555
153	7555
153	7555
153	7555
153	7555
152	7556
152	7556
152	7556
152	7556
152	7556
152	7556
152	7556
152	7556
152	7556
152	7556
152	7556
152	7557
152	7557
152	7557
151	7557
151	7557
151	7557
151	7557
151	7557
151	7557
151	7557
151	7557
151	7558
151	7558
151	7558
151	7558
151	7558
151	7558
151	7558
150	7558
150	7558
150	7558
150	7558
150	7559
150	7559
150	7559
150	7559
150	7559
150	7559
150	7559
150	7559
150	7559
150	7559
149	7559
149	7560
149	7560
149	7560
149	7560
149	7560
149	7560
149	7560
149	7560
149	7560
149	7560
149	7560
149	7561
149	7561
148	7561
148	7561
148	7561
148	7561
148	7561
148	7561
148	7561
148	7561
148	7561
148	7561
148	7562
148	7562
148	7562
148	7562
148	7562
147	7562
147	7562
147	7562
147	7562
147	7562
147	7562
147	7563
147	7563
147	7563
147	7563
147	7563
147	7563
147	7563
147	7563
146	7563
146	7563
146	7563
146	7564
146	7564
146	7564
146	7564
146	7564
146	7564
146	7564
146	7564
146	7564
146	7564
146	7564
146	7565
145	7565
145	7565
145	7565
145	7565
145	7565
145	7565
145	7565
145	7565
145	7565
145	7565
145	7566
145	7566
145	7566
145	7566
144	7566
144	7566
144	7566
144	7566
144	7566
144	7566
144	7566
144	7567
144	7567
144	7567
144	7567
144	7567
144	7567
144	7567
144	7567
143	7567
143	7567
143	7567
143	7568
143	7568
143	7568
143	7568
143	7568
143	7568
143	7568
143	7568
143	7568
143	7568
143	7568
142	7568
142	7569
142	7569
142	7569
142	7569
142	7569
142	7569
142	7569
142	7569
142	7569
142	7569
142	7569
142	7569
142	7569
141	7569
141	7569
141	7569
141	7570
141	7570
141	7570
141	7570
141	7570
141	7570
141	7570
141	7570
141	7570
141	7570
141	7570
141	7570
140	7570
140	7570
140	7570
140	7571
140	7571
140	7571
140	7571
140	7571
140	7571
140	7571
140	7571
140	7571
140	7571
140	7571
139	7571
139	7571
139	7571
139	7571
139	7571
139	7572
139	7572
139	7572
139	7572
139	7572
139	7572
139	7572
139	7572
139	7572
139	7572
138	7572
138	7572
138	7572
138	7572
138	7572
138	7573
138	7573
138	7573
138	7573
138	7573
138	7573
138	7573
138	7573
138	7573
137	7573
137	7573
137	7573
137	7573
137	7573
137	7573
137	7573
137	7574
137	7574
137	7574
137	7574
137	7574
137	7574
137	7574
137	7574
136	7574
136	7574
136	7574
136	7574
136	7574
136	7574
136	7574
136	7575
136	7575
136	7575
136	7575
136	7575
136	7575
136	7575
135	7575
135	7575
135	7575
135	7575
135	7575
135	7575
135	7575
135	7575
135	7575
135	7576
135	7576
135	7576
135	7576
135	7576
134	7576
134	7576
134	7576
134	7576
134	7576
134	7576
134	7576
134	7576
134	7576
134	7576
134	7577
134	7577
134	7577
134	7577
134	7577
133	7577
133	7577
133	7577
133	7577
133	7577
133	7577
133	7577
133	7577
133	7577
133	7577
133	7577
133	7578
133	7578
133	7578
132	7578
132	7578
132	7578
132	7578
132	7578
132	7578
132	7578
132	7578
132	7578
132	7578
132	7578
132	7578
132	7579
132	7579
132	7579
131	7579
131	7579
131	7579
131	7579
131	7579
131	7579
131	7579
131	7579
131	7579
131	7579
131	7579
131	7579
131	7579
131	7580
130	7580
130	7580
130	7580
130	7580
130	7580
130	7580
130	7580
130	7580
130	7580
130	7580
130	7580
130	7580
130	7580
130	7580
130	7581
129	7581
129	7581
129	7581
129	7581
129	7581
129	7581
129	7581
129	7581
129	7581
129	7581
129	7581
129	7581
129	7581
129	7581
128	7581
128	7582
128	7582
128	7582
128	7582
128	7582
128	7582
128	7582
128	7582
128	7582
128	7582
128	7582
128	7582
128	7582
127	7582
127	7582
127	7583
127	7583
127	7583
127	7583
127	7583
127	7583
127	7583
127	7583
127	7583
127	7583
127	7583
127	7583
127	7583
126	7583
126	7583
126	7583
126	7584
126	7584
126	7584
126	7584
126	7584
126	7584
126	7584
126	7584
126	7584
126	7584
126	7584
125	7584
125	7584
125	7584
125	7584
125	7585
125	7585
125	7585
125	7585
125	7585
125	7585
125	7585
125	7585
125	7585
125	7585
125	7585
124	7585
124	7585
124	7585
124	7585
124	7585
124	7586
124	7586
124	7586
124	7586
124	7586
124	7586
124	7586
124	7586
123	7586
123	7586
123	7586
123	7586
123	7586
123	7586
123	7586
123	7587
123	7587
123	7587
123	7587
122	7587
122	7587
122	7587
122	7587
122	7587
122	7587
122	7587
122	7587
122	7587
122	7587
122	7587
121	7587
121	7588
121	7588
121	7588
121	7588
121	7588
121	7588
121	7588
121	7588
121	7588
121	7588
120	7588
120	7588
120	7588
120	7588
120	7588
120	7588
120	7589
120	7589
120	7589
120	7589
120	7589
119	7589
119	7589
119	7589
119	7589
119	7589
119	7589
119	7589
119	7589
119	7589
119	7589
119	7590
119	7590
118	7590
118	7590
118	7590
118	7590
118	7590
118	7590
118	7590
118	7590
118	7590
118	7590
118	7590
117	7590
117	7590
117	7590
117	7591
117	7591
117	7591
117	7591
117	7591
117	7591
117	7591
117	7591
116	7591
116	7591
116	7591
116	7591
116	7591
116	7591
116	7591
116	7592
116	7592
116	7592
116	7592
115	7592
115	7592
115	7592
115	7592
115	7592
115	7592
115	7592
115	7592
115	7592
115	7592
115	7592
115	7592
114	7593
114	7593
114	7593
114	7593
114	7593
114	7593
114	7593
114	7593
114	7593
114	7593
114	7593
113	7593
113	7593
113	7593
113	7593
113	7594
113	7594
113	7594
113	7594
113	7594
113	7594
113	7594
112	7594
112	7594
112	7594
112	7594
112	7594
112	7594
112	7594
112	7594
112	7594
112	7595
112	7595
111	7595
111	7595
111	7595
111	7595
111	7595
111	7595
111	7595
111	7595
111	7595
111	7595
111	7595
111	7595
110	7595
110	7596
110	7596
110	7596
110	7596
110	7596
110	7596
110	7596
110	7596
110	7596
110	7596
109	7596
109	7596
109	7596
109	7596
109	7596
109	7596
109	7597
109	7597
109	7597
109	7597
109	7597
108	7597
108	7597
108	7597
108	7597
108	7597
108	7597
108	7597
108	7598
108	7598
108	7598
108	7598
107	7598
107	7598
107	7598
107	7598
107	7599
107	7599
107	7599
107	7599
107	7599
107	7599
107	7599
107	7599
106	7600
106	7600
106	7600
106	7600
106	7600
106	7600
106	7600
106	7600
106	7600
106	7601
106	7601
105	7601
105	7601
105	7601
105	7601
105	7601
105	7601
105	7602
105	7602
105	7602
105	7602
105	7602
104	7602
104	7602
104	7602
104	7603
104	7603
104	7603
104	7603
104	7603
104	7603
104	7603
104	7603
103	7604
103	7604
103	7604
103	7604
103	7604
103	7604
103	7604
103	7604
103	7604
103	7605
103	7605
102	7605
102	7605
102	7605
102	7605
102	7605
102	7605
102	7606
102	7606
102	7606
102	7606
102	7606
102	7606
101	7606
101	7606
101	7607
101	7607
101	7607
101	7607
100	7607
100	7607
100	7607
99	7607
99	7607
99	7608
99	7608
98	7608
98	7608
98	7608
98	7608
97	7608
97	7608
97	7609
96	7609
96	7609
96	7609
96	7609
95	7609
95	7609
95	7609
95	7610
94	7610
94	7610
94	7610
93	7610
93	7610
93	7610
93	7610
92	7611
92	7611
92	7611
92	7611
91	7611
91	7611
91	7611
90	7611
90	7611
90	7612
90	7612
89	7612
89	7612
89	7612
89	7612
88	7612
88	7612
88	7613
87	7613
87	7613
87	7613
87	7613
86	7613
86	7613
86	7613
86	7614
85	7614
85	7614
85	7614
84	7614
84	7614
84	7614
84	7614
83	7614
83	7615
83	7615
83	7615
82	7615
82	7615
82	7615
81	7615
81	7615
81	7616
81	7616
80	7616
80	7616
80	7616
80	7616
79	7616
79	7616
79	7617
78	7617
78	7617
78	7617
78	7617
77	7617
77	7617
77	7617
77	7618
76	7618
76	7618
76	7618
75	7618
75	7618
75	7618
75	7618
74	7618
74	7619
74	7619
74	7619
73	7619
73	7619
73	7619
72	7619
72	7619
72	7620
72	7620
71	7620
71	7620
71	7620
70	7620
70	7620
70	7620
70	7621
69	7621
69	7621
69	7621
69	7621
68	7621
68	7621
68	7621
67	7621
67	7622
67	7622
67	7622
67	7622
67	7622
67	7622
67	7622
67	7622
67	7623
67	7623
67	7623
67	7623
67	7623
67	7623
67	7623
67	7623
67	7624
67	7624
67	7624
67	7624
67	7624
67	7624
67	7624
67	7624
67	7624
67	7625
67	7625
67	7625
67	7625
67	7625
67	7625
67	7625
67	7625
67	7626
67	7626
67	7626
67	7626
67	7626
67	7626
67	7626
67	7626
67	7627
67	7627
67	7627
67	7627
67	7627
67	7627
67	7627
67	7627
67	7628
67	7628
67	7628
67	7628
67	7628
67	7628
67	7628
67	7628
67	7628
67	7629
67	7629
67	7629
67	7629
67	7629
67	7629
67	7629
67	7629
67	7630
67	7630
67	7630
67	7630
67	7630
67	7630
67	7630
67	7630
67	7631
67	7631
67	7631
67	7631
67	7631
67	7631
67	7631
67	7631
67	7631
67	7632
67	7632
67	7632
67	7632
67	7632
67	7632
67	7632
67	7632
67	7633
67	7633
67	7633
67	7633
67	7633
67	7633
67	7633
67	7633
67	7634
67	7634
67	7634
67	7634
67	7634
67	7634
67	7634
67	7634
67	7635
67	7635
67	7635
67	7635
67	7635
67	7635
67	7635
67	7635
67	7635
67	7636
67	7636
67	7636
67	7636
67	7636
67	7636
68	7636
68	7636
69	7637
69	7637
70	7637
70	7637
71	7637
71	7636
71	7636
72	7636
72	7636
73	7636
73	7636
74	7636
74	7636
75	7636
75	7636
76	7635
76	7635
77	7635
77	7635
78	7635
78	7635
78	7635
79	7635
79	7635
80	7635
80	7634
81	7634
81	7634
82	7634
82	7634
83	7634
83	7634
84	7634
84	7634
85	7634
85	7633
85	7633
86	7633
86	7633
87	7633
87	7633
88	7633
88	7633
89	7633
89	7632
90	7632
90	7632
91	7632
91	7632
92	7632
92	7632
92	7632
93	7632
93	7632
94	7631
94	7631
95	7631
95	7631
96	7631
96	7631
97	7631
97	7631
98	7631
98	7631
99	7630
99	7630
99	7630
100	7630
100	7630
101	7630
101	7630
102	7630
102	7630
103	7630
103	7629
104	7629
104	7629
105	7629
105	7629
105	7629
106	7629
106	7629
107	7629
107	7628
107	7628
107	7628
107	7628
107	7628
107	7628
107	7628
107	7628
107	7628
108	7628
108	7627
108	7627
108	7627
108	7627
108	7627
108	7627
108	7627
108	7627
108	7627
108	7627
108	7626
108	7626
108	7626
109	7626
109	7626
109	7626
109	7626
109	7626
109	7626
109	7625
109	7625
109	7625
109	7625
109	7625
109	7625
109	7625
109	7625
110	7625
110	7625
110	7624
110	7624
110	7624
110	7624
110	7624
110	7624
110	7624
110	7624
110	7624
110	7624
110	7623
110	7623
111	7623
111	7623
111	7623
111	7623
111	7623
111	7623
111	7623
111	7623
111	7622
111	7622
111	7622
111	7622
111	7622
111	7622
112	7622
112	7622
112	7622
112	7621
112	7621
112	7621
112	7621
112	7621
112	7621
112	7621
112	7621
112	7621
112	7621
112	7620
113	7620
113	7620
113	7620
113	7620
113	7620
113	7620
113	7620
113	7620
113	7620
113	7619
113	7619
113	7619
113	7619
113	7619
114	7619
114	7619
114	7619
114	7619
114	7619
114	7618
114	7618
114	7618
114	7618
114	7618
114	7618
114	7618
114	7618
114	7618
115	7617
115	7617
115	7617
115	7617
115	7617
115	7617
115	7617
115	7617
115	7617
115	7617
115	7616
115	7616
115	7616
115	7616
116	7616
116	7616
116	7616
116	7616
116	7616
116	7616
116	7615
116	7615
116	7615
116	7615
116	7615
116	7615
116	7615
116	7615
117	7615
117	7614
117	7614
117	7614
117	7614
117	7614
117	7614
117	7614
117	7614
117	7614
117	7614
117	7613
117	7613
117	7613
118	7613
118	7613
118	7613
118	7613
118	7613
118	7613
118	7613
118	7612
118	7612
118	7612
118	7612
118	7612
118	7612
118	7612
119	7612
119	7612
119	7612
119	7611
119	7611
119	7611
119	7611
119	7611
119	7611
119	7611
119	7611
119	7611
119	7610
119	7610
119	7610
120	7610
120	7610
120	7610
120	7610
120	7610
120	7610
120	7610
120	7609
120	7609
120	7609
120	7609
120	7609
120	7609
120	7609
120	7609
121	7609
121	7609
121	7608
121	7608
121	7608
121	7608
121	7608
121	7608
121	7608
121	7608
121	7608
121	7608
121	7607
121	7607
121	7607
122	7607
122	7607
122	7607
122	7607
122	7607
122	7607
122	7606
122	7606
122	7606
122	7606
122	7606
122	7606
122	7606
122	7606
122	7606
123	7606
123	7605
123	7605
123	7605
123	7605
123	7605
123	7605
123	7605
123	7605
123	7605
123	7605
123	7604
123	7604
123	7604
123	7604
124	7604
124	7604
124	7604
124	7604
124	7604
124	7603
124	7603
124	7603
124	7603
124	7603
124	7603
124	7603
124	7603
124	7603
124	7603
125	7602
125	7602
125	7602
125	7602
125	7602
125	7602
125	7602
125	7602
125	7602
125	7602
125	7601
125	7601
125	7601
125	7601
125	7601
126	7601
126	7601
126	7601
126	7601
126	7601
126	7600
126	7600
126	7600
126	7600
126	7600
126	7600
126	7600
126	7600
126	7600
126	7599
127	7599
127	7599
127	7599
127	7599
127	7599
127	7599
127	7599
127	7599
127	7599
127	7598
127	7598
127	7598
127	7598
127	7598
127	7598
128	7598
128	7598
128	7598
128	7598
128	7597
128	7597
128	7597
128	7597
128	7597
128	7597
128	7597
128	7597
128	7597
128	7596
128	7596
129	7596
129	7596
129	7596
129	7596
129	7596
129	7596
129	7596
129	7596
129	7595
129	7595
129	7595
129	7595
129	7595
129	7595
129	7595
130	7595
130	7595
130	7594
130	7594
130	7594
130	7594
130	7594
130	7594
130	7594
130	7594
130	7594
130	7593
130	7593
130	7593
130	7593
131	7593
131	7593
131	7593
131	7593
131	7593
131	7593
131	7592
131	7592
131	7592
131	7592
131	7592
131	7592
131	7592
131	7592
131	7592
132	7591
132	7591
132	7591
132	7591
132	7591
132	7591
132	7591
132	7591
132	7591
132	7591
132	7590
132	7590
132	7590
132	7590
132	7590
133	7590
133	7590
133	7590
133	7590
133	7589
133	7589
133	7589
133	7589
133	7589
133	7589
133	7589
133	7589
133	7589
133	7588
133	7588
134	7588
134	7588
134	7588
134	7588
134	7588
134	7588
134	7588
134	7588
134	7587
134	7587
134	7587
134	7587
134	7587
134	7587
134	7587
135	7587
135	7587
135	7586
135	7586
135	7586
135	7586
135	7586
135	7586
135	7586
135	7586
135	7586
135	7585
135	7585
135	7585
135	7585
136	7585
136	7585
136	7585
136	7585
136	7585
136	7585
136	7584
136	7584
136	7584
136	7584
136	7584
136	7584
136	7584
136	7584
136	7584
137	7583
137	7583
137	7583
137	7583
137	7583
137	7583
137	7583
137	7583
137	7583
137	7582
137	7582
137	7582
137	7582
137	7582
137	7582
138	7582
138	7582
138	7582
138	7582
138	7581
138	7581
138	7581
138	7581
138	7581
138	7581
138	7581
138	7581
138	7581
138	7580
138	7580
139	7580
139	7580
139	7580
139	7580
139	7580
139	7580
139	7580
139	7579
139	7579
139	7579
139	7579
139	7579
139	7579
139	7579
139	7579
140	7579
140	7579
140	7578
140	7578
140	7578
140	7578
140	7578
140	7578
140	7578
140	7578
140	7578
140	7577
140	7577
140	7577
140	7577
141	7577
141	7577
141	7577
141	7577
141	7577
141	7577
141	7576
141	7576
141	7576
141	7576
141	7576
141	7576
142	7576
142	7576
142	7576
142	7575
142	7575
142	7575
142	7575
142	7575
142	7575
143	7575
143	7575
143	7575
143	7574
143	7574
143	7574
143	7574
143	7574
143	7574
144	7574
144	7574
144	7574
144	7574
144	7573
144	7573
144	7573
144	7573
144	7573
145	7573
145	7573
145	7573
145	7573
145	7572
145	7572
145	7572
145	7572
145	7572
146	7572
146	7572
146	7572
146	7572
146	7571
146	7571
146	7571
146	7571
146	7571
146	7571
147	7571
147	7571
147	7571
147	7571
147	7570
147	7570
147	7570
147	7570
147	7570
148	7570
148	7570
148	7570
148	7570
148	7569
148	7569
148	7569
148	7569
148	7569
149	7569
149	7569
149	7569
149	7569
149	7568
149	7568
149	7568
149	7568
149	7568
150	7568
150	7568
150	7568
150	7568
150	7568
150	7567
150	7567
150	7567
150	7567
151	7567
151	7567
151	7567
151	7567
151	7567
151	7566
151	7566
151	7566
151	7566
152	7566
152	7566
152	7566
152	7566
152	7566
152	7566
152	7565
152	7565
152	7565
152	7565
153	7565
153	7565
153	7565
153	7565
153	7565
153	7564
153	7564
153	7564
153	7564
154	7564
154	7564
154	7564
154	7564
154	7564
154	7563
154	7563
154	7563
154	7563
155	7563
155	7563
155	7563
155	7563
155	7563
155	7563
155	7562
155	7562
155	7562
156	7562
156	7562
156	7562
156	7562
156	7562
156	7562
156	7561
156	7561
156	7561
157	7561
157	7561
157	7561
157	7561
157	7561
157	7561
157	7560
157	7560
157	7560
158	7560
158	7560
158	7560
158	7560
158	7560
158	7560
158	7560
158	7559
158	7559
159	7559
159	7559
159	7559
159	7559
159	7559
159	7559
159	7559
159	7558
159	7558
159	7558
160	7558
160	7558
160	7558
160	7558
160	7558
160	7558
160	7557
160	7557
160	7557
161	7557
161	7557
161	7557
161	7557
161	7557
161	7557
161	7557
161	7556
161	7556
162	7556
162	7556
162	7556
162	7556
162	7556
162	7556
162	7556
162	7555
162	7555
163	7555
163	7555
163	7555
163	7555
163	7555
163	7555
163	7555
163	7554
163	7554
164	7554
164	7554
164	7554
164	7554
164	7554
164	7554
164	7554
164	7554
164	7553
165	7553
165	7553
165	7553
165	7553
165	7553
165	7553
165	7553
165	7553
165	7552
165	7552
166	7552
166	7552
166	7552
166	7552
166	7552
166	7552
166	7552
166	7552
166	7551
167	7551
167	7551
167	7551
167	7551
167	7550
167	7550
167	7550
167	7550
167	7550
168	7549
168	7549
168	7549
168	7549
168	7549
168	7549
168	7548
168	7548
168	7548
169	7548
169	7548
169	7547
169	7547
169	7547
169	7547
169	7547
169	7546
169	7546
170	7546
170	7546
170	7546
170	7545
170	7545
170	7545
170	7545
170	7545
170	7544
171	7544
171	7544
171	7544
171	7544
171	7544
171	7543
171	7543
171	7543
171	7543
172	7543
172	7542
172	7542
172	7542
172	7542
172	7542
172	7541
172	7541
172	7541
172	7541
173	7541
173	7540
173	7540
173	7540
173	7540
173	7540
173	7540
173	7539
173	7539
174	7539
174	7539
174	7539
174	7538
174	7538
174	7538
174	7538
174	7538
174	7537
175	7537
175	7537
175	7537
175	7537
175	7536
175	7536
175	7536
175	7536
175	7536
176	7535
176	7535
176	7535
176	7535
176	7535
176	7535
176	7534
176	7534
176	7534
177	7534
177	7534
177	7533
177	7533
177	7533
177	7533
177	7533
177	7532
177	7532
178	7532
178	7532
178	7532
178	7531
178	7531
178	7531
178	7531
178	7531
178	7530
178	7530
179	7530
179	7530
179	7530
179	7530
179	7529
179	7529
179	7529
179	7529
179	7529
180	7528
180	7528
180	7528
180	7528
180	7528
180	7527
180	7527
180	7527
180	7527
181	7527
181	7526
181	7526
181	7526
181	7526
181	7526
181	7526
181	7525
181	7525
182	7525
182	7525
182	7525
182	7524
182	7524
182	7524
182	7524
182	7524
182	7523
183	7523
183	7523
183	7523
183	7523
183	7522
183	7522
183	7522
183	7522
183	7522
184	7521
184	7521
184	7521
184	7521
184	7521
184	7521
184	7520
184	7520
184	7520
185	7520
185	7520
185	7519
185	7519
185	7519
185	7519
185	7519
185	7518
185	7518
185	7518
186	7518
186	7518
186	7517
186	7517
186	7517
186	7517
186	7517
186	7516
186	7516
187	7516
187	7516
187	7516
187	7516
187	7515
187	7515
187	7515
187	7515
187	7515
188	7514
188	7514
188	7514
188	7514
188	7514
188	7513
188	7513
188	7513
188	7513
189	7513
189	7512
189	7512
189	7512
189	7512
189	7512
189	7512
189	7511
189	7511
190	7511
190	7511
190	7511
190	7510
190	7510
190	7510
190	7510
190	7510
190	7509
191	7509
191	7509
191	7509
191	7509
191	7508
191	7508
191	7508
191	7508
191	7508
191	7507
192	7507
192	7507
192	7507
192	7507
192	7507
192	7506
192	7506
192	7506
192	7506
193	7506
193	7505
193	7505
193	7505
193	7505
193	7505
193	7504
193	7504
193	7504
194	7504
194	7504
194	7503
194	7503
194	7503
194	7503
194	7503
194	7502
194	7502
195	7502
195	7502
195	7502
195	7502
195	7501
195	7501
195	7501
195	7501
195	7501
196	7500
196	7500
196	7500
196	7500
196	7500
196	7499
196	7499
196	7499
196	7499
197	7499
197	7498
197	7498
197	7498
197	7498
197	7498
197	7498
197	7497
197	7497
198	7497
198	7497
198	7497
198	7496
198	7496
198	7496
198	7496
198	7496
198	7495
198	7495
199	7495
199	7495
199	7495
199	7494
199	7494
199	7494
199	7494
199	7494
199	7493
200	7493
200	7493
200	7493
200	7493
200	7493
200	7492
200	7492
200	7492
200	7492
201	7492
201	7491
201	7491
201	7491
201	7491
201	7491
201	7490
201	7490
201	7490
202	7490
202	7490
202	7489
202	7489
202	7489
202	7489
202	7489
202	7488
202	7488
203	7488
203	7488
203	7488
203	7488
203	7487
203	7487
203	7487
203	7487
203	7487
204	7486
204	7486
204	7486
204	7486
204	7486
204	7485
204	7485
204	7485
204	7485
204	7485
205	7484
205	7484
205	7484
205	7484
205	7484
205	7484
205	7483
205	7483
205	7483
206	7483
206	7483
206	7482
206	7482
206	7482
206	7482
206	7482
206	7481
206	7481
207	7481
207	7481
207	7481
207	7480
207	7480
207	7480
207	7480
207	7480
207	7479
208	7479
208	7479
208	7479
208	7479
208	7479
208	7478
208	7478
208	7478
208	7478
209	7478
209	7477
209	7477
209	7477
209	7477
209	7477
209	7476
209	7476
209	7476
210	7476
210	7476
210	7475
210	7475
210	7475
210	7475
210	7475
210	7474
210	7474
211	7474
211	7474
211	7474
211	7474
211	7473
211	7473
211	7473
211	7473
211	7473
211	7472
212	7472
212	7472
212	7472
212	7472
212	7471
212	7471
212	7471
212	7471
212	7471
213	7470
213	7470
213	7470
213	7470
213	7470
213	7470
213	7469
213	7469
213	7469
214	7469
214	7469
214	7468
214	7468
214	7468
214	7468
214	7468
214	7467
214	7467
215	7467
215	7467
215	7467
215	7466
215	7466
215	7466
215	7466
215	7466
215	7465
216	7465
216	7465
216	7465
216	7465
216	7465
216	7464
216	7464
216	7464
216	7464
217	7464
217	7463
217	7463
217	7463
217	7463
217	7463
217	7462
217	7462
217	7462
217	7462
218	7462
218	7461
218	7461
218	7461
218	7461
218	7461
218	7461
218	7460
218	7460
219	7460
219	7460
219	7460
219	7459
219	7459
219	7459
219	7459
219	7459
219	7458
220	7458
220	7458
220	7458
220	7458
220	7457
220	7457
220	7457
220	7457
220	7457
221	7456
221	7456
221	7456
221	7456
221	7456
222	7456
222	7455
222	7455
222	7455
222	7455
222	7455
223	7454
223	7454
223	7454
223	7454
223	7454
224	7453
224	7453
224	7453
224	7453
224	7453
225	7452
225	7452
225	7452
225	7452
225	7452
226	7451
226	7451
226	7451
226	7451
226	7451
227	7451
227	7450
227	7450
227	7450
227	7450
228	7450
228	7449
228	7449
228	7449
228	7449
229	7449
229	7448
229	7448
229	7448
229	7448
230	7448
230	7447
230	7447
230	7447
230	7447
231	7447
231	7447
231	7446
231	7446
231	7446
232	7446
232	7446
232	7445
232	7445
232	7445
232	7445
233	7445
233	7444
233	7444
233	7444
233	7444
234	7444
234	7443
234	7443
234	7443
234	7443
235	7443
235	7442
235	7442
235	7442
235	7442
236	7442
236	7442
236	7441
236	7441
236	7441
237	7441
237	7441
237	7440
237	7440
237	7440
238	7440
238	7440
238	7439
238	7439
238	7439
239	7439
239	7439
239	7438
239	7438
239	7438
240	7438
240	7438
240	7437
240	7437
240	7437
241	7437
241	7437
241	7437
241	7436
241	7436
242	7436
242	7436
242	7436
242	7435
242	7435
243	7435
243	7435
243	7435
243	7434
243	7434
243	7434
244	7434
244	7434
244	7433
244	7433
244	7433
245	7433
245	7433
245	7433
245	7432
245	7432
246	7432
246	7432
246	7432
246	7431
246	7431
247	7431
247	7431
247	7431
247	7430
247	7430
248	7430
248	7430
248	7430
248	7429
248	7429
249	7429
249	7429
249	7429
249	7428
249	7428
250	7428
250	7428
250	7428
250	7428
250	7427
251	7427
251	7427
251	7427
251	7427
251	7426
252	7426
252	7426
252	7426
252	7426
252	7425
253	7425
253	7425
253	7425
253	7425
253	7424
254	7424
254	7424
254	7424
254	7424
254	7423
254	7423
255	7423
255	7423
255	7423
255	7423
255	7422
256	7422
256	7422
256	7422
256	7422
256	7421
257	7421
257	7421
257	7421
257	7421
257	7420
258	7420
258	7420
258	7420
258	7420
258	7419
259	7419
259	7419
259	7419
259	7419
259	7419
260	7418
260	7418
260	7418
260	7418
260	7418
261	7417
261	7417
261	7417
261	7417
261	7417
262	7416
262	7416
262	7416
262	7416
262	7416
263	7415
263	7415
263	7415
263	7415
263	7415
264	7414
264	7414
264	7414
264	7414
264	7414
265	7414
265	7413
265	7413
265	7413
265	7413
265	7413
266	7412
266	7412
266	7412
266	7412
266	7412
267	7411
267	7411
267	7411
267	7411
267	7411
268	7410
268	7410
268	7410
268	7410
268	7410
269	7409
269	7409
269	7409
269	7409
269	7409
270	7409
270	7408
270	7408
270	7408
270	7408
271	7408
271	7407
271	7407
271	7407
271	7407
272	7407
272	7406
272	7406
272	7406
273	7406
273	7406
274	7405
274	7405
275	7405
275	7405
276	7405
276	7405
277	7404
277	7404
278	7404
278	7404
279	7404
279	7403
280	7403
280	7403
281	7403
281	7403
282	7402
282	7402
283	7402
283	7402
284	7402
284	7401
285	7401
285	7401
286	7401
286	7401
287	7400
287	7400
288	7400
288	7400
289	7400
289	7400
290	7399
290	7399
291	7399
291	7399
292	7399
292	7398
293	7398
293	7398
294	7398
294	7398
295	7397
295	7397
296	7397
296	7397
297	7397
297	7396
298	7396
298	7396
299	7396
299	7396
300	7395
300	7395
301	7395
301	7395
302	7395
302	7395
303	7394
303	7394
304	7394
304	7394
305	7394
305	7393
306	7393
306	7393
307	7393
307	7393
308	7392
308	7392
309	7392
309	7392
310	7391
310	7390
311	7390
311	7389
312	7389
312	7388
313	7388
313	7387
314	7387
314	7386
315	7385
315	7385
316	7384
316	7384
317	7383
317	7383
318	7382
318	7381
319	7381
319	7380
320	7380
320	7379
321	7379
321	7378
322	7378
322	7377
323	7376
323	7376
324	7375
324	7375
325	7374
325	7374
326	7373
326	7373
327	7372
327	7371
328	7371
328	7370
329	7370
329	7369
330	7369
330	7368
331	7368
331	7367
332	7366
332	7366
333	7365
333	7365
334	7364
334	7364
335	7363
335	7362
336	7362
336	7361
337	7361
337	7360
338	7360
338	7359
339	7359
339	7358
340	7357
340	7357
341	7356
341	7356
342	7355
342	7355
343	7354
343	7354
344	7353
344	7352
345	7352
345	7351
346	7351
346	7350
347	7350
347	7349
348	7348
348	7348
349	7347
349	7347
350	7346
350	7346
351	7345
351	7345
352	7344
352	7343
353	7343
353	7342
354	7342
354	7341
355	7341
355	7340
356	7340
356	7339
357	7338
357	7338
358	7337
358	7337
359	7336
359	7336
360	7335
360	7335
361	7334
361	7333
362	7333
362	7332
363	7332
363	7331
364	7331
364	7330
365	7329
365	7329
366	7328
366	7328
367	7327
367	7327
368	7326
368	7326
369	7325
369	7324
370	7324
370	7323
371	7323
371	7322
372	7322
372	7321
373	7321
373	7320
374	7319
374	7319
375	7318
375	7318
376	7317
376	7317
377	7316
377	7316
378	7315
378	7314
379	7314
379	7313
380	7313
380	7312
381	7312
381	7311
382	7310
382	7310
383	7309
383	7309
384	7308
384	7308
385	7307
385	7307
386	7306
386	7305
387	7305
387	7304
388	7304
388	7303
389	7303
389	7302
390	7302
390	7301
391	7300
391	7300
392	7299
392	7299
393	7298
393	7298
394	7297
394	7296
395	7296
395	7295
396	7295
396	7294
397	7294
397	7293
398	7293
398	7292
399	7291
399	7291
400	7290
400	7290
401	7289
401	7289
402	7288
402	7288
403	7287
403	7286
404	7286
404	7285
405	7285
405	7284
406	7284
406	7283
407	7283
407	7282
408	7281
408	7281
409	7280
409	7280
410	7279
410	7279
411	7278
411	7277
412	7277
412	7276
413	7276
413	7275
414	7275
414	7274
415	7274
415	7273
416	7272
416	7272
417	7271
417	7271
418	7270
418	7270
419	7269
419	7269
420	7268
420	7267
421	7267
421	7266
422	7266
422	7265
423	7265
423	7264
424	7264
424	7263
425	7262
425	7262
426	7261
426	7261
427	7260
427	7260
428	7259
428	7258
429	7258
429	7257
430	7257
430	7256
431	7256
431	7255
432	7255
433	7254
434	7253
435	7253
436	7252
436	7252
437	7251
438	7251
439	7250
440	7250
441	7249
441	7248
442	7248
443	7247
444	7247
445	7246
446	7246
446	7245
447	7244
448	7244
449	7243
450	7243
451	7242
452	7242
452	7241
453	7241
454	7240
455	7239
456	7239
457	7238
457	7238
458	7237
459	7237
460	7236
461	7236
462	7235
462	7234
463	7234
464	7233
465	7233
466	7232
467	7232
467	7231
468	7231
469	7230
470	7229
471	7229
472	7228
472	7228
473	7227
474	7227
475	7226
476	7225
477	7225
478	7224
478	7224
479	7223
480	7223
481	7222
482	7222
483	7221
483	7220
484	7220
485	7219
486	7219
487	7218
488	7218
488	7217
489	7217
490	7216
491	7215
492	7215
493	7214
493	7214
494	7213
495	7213
496	7212
497	7211
498	7211
499	7210
499	7210
500	7209
501	7209
502	7208
503	7208
504	7207
504	7206
505	7206
506	7205
507	7205
508	7204
509	7204
509	7203
510	7203
511	7202
512	7201
513	7201
514	7200
514	7200
515	7199
516	7199
517	7198
518	7198
519	7197
519	7196
520	7196
521	7195
522	7195
523	7194
524	7194
525	7193
525	7192
526	7192
527	7191
528	7191
529	7190
530	7190
530	7189
531	7189
532	7188
533	7187
534	7187
535	7186
535	7186
536	7185
537	7185
538	7184
539	7184
540	7183
540	7182
541	7182
542	7181
543	7181
544	7180
545	7180
545	7179
546	7179
547	7178
548	7177
549	7177
550	7176
551	7176
551	7175
552	7174
553	7173
554	7171
555	7170
556	7169
556	7168
557	7167
558	7166
559	7165
560	7164
561	7163
561	7162
562	7161
563	7159
564	7158
565	7157
566	7156
566	7155
567	7154
568	7153
569	7152
570	7151
571	7150
571	7149
572	7147
573	7146
574	7145
575	7144
576	7143
577	7142
577	7141
578	7140
579	7139
580	7138
581	7137
582	7135
582	7134
583	7133
584	7132
585	7131
586	7130
587	7129
587	7128
588	7127
589	7126
590	7124
591	7123
592	7122
592	7121
593	7120
594	7119
595	7118
596	7117
597	7116
597	7115
598	7114
599	7112
600	7111
601	7110
602	7109
603	7108
603	7107
604	7106
605	7105
606	7104
607	7103
608	7102
608	7100
609	7099
610	7098
611	7097
612	7096
613	7095
613	7094
614	7093
615	7092
616	7091
617	7090
618	7088
618	7087
619	7086
620	7085
621	7084
622	7083
623	7082
623	7081
624	7080
625	7079
626	7078
627	7076
628	7075
629	7074
629	7073
630	7072
631	7071
632	7070
633	7069
634	7068
634	7067
635	7066
636	7064
637	7063
638	7062
639	7061
639	7060
640	7059
641	7058
642	7057
643	7056
644	7055
644	7053
645	7052
646	7051
647	7050
648	7049
649	7048
649	7047
650	7046
651	7045
652	7044
653	7043
654	7041
655	7040
655	7039
656	7038
657	7037
658	7036
659	7035
660	7034
660	7033
661	7032
662	7031
663	7029
664	7028
665	7027
665	7026
666	7025
667	7024
668	7023
669	7022
670	7021
670	7020
671	7019
672	7017
673	7016
674	7015
675	7014
675	7013
676	7012
677	7011
678	7010
679	7009
680	7008
681	7007
681	7005
682	7004
683	7003
684	7002
685	7001
686	7000
686	6999
687	6998
688	6997
689	6996
690	6995
691	6993
691	6992
692	6991
693	6990
694	6989
695	6988
696	6987
696	6986
697	6985
698	6984
699	6982
701	6981
702	6980
704	6979
705	6978
707	6977
709	6976
710	6975
712	6974
713	6973
715	6972
716	6970
718	6969
720	6968
721	6967
723	6966
724	6965
726	6964
727	6963
729	6962
731	6961
732	6960
734	6958
735	6957
737	6956
738	6955
740	6954
742	6953
743	6952
745	6951
746	6950
748	6949
749	6948
751	6946
753	6945
754	6944
756	6943
757	6942
759	6941
761	6940
762	6939
764	6938
765	6937
767	6936
768	6934
770	6933
772	6932
773	6931
775	6930
776	6929
778	6928
779	6927
781	6926
783	6925
784	6924
786	6922
787	6921
789	6920
790	6919
792	6918
794	6917
795	6916
797	6915
798	6914
800	6913
802	6911
803	6910
805	6909
806	6908
808	6907
809	6905
811	6904
813	6902
814	6901
816	6899
817	6897
819	6896
820	6894
822	6893
824	6891
825	6890
827	6888
828	6887
830	6885
831	6884
833	6882
835	6881
836	6879
838	6877
839	6876
841	6874
842	6873
844	6871
846	6870
847	6868
849	6867
850	6865
852	6864
854	6862
855	6860
857	6859
858	6857
860	6856
861	6854
863	6853
865	6851
866	6850
868	6848
869	6847
871	6845
872	6844
874	6842
876	6840
877	6839
879	6837
880	6836
882	6834
883	6833
885	6831
887	6830
888	6828
890	6827
891	6825
893	6823
894	6822
896	6820
898	6819
899	6817
901	6816
902	6814
904	6813
906	6811
907	6810
909	6808
910	6807
912	6805
913	6803
915	6802
917	6800
918	6799
920	6797
921	6796
923	6794
924	6793
926	6791
928	6790
929	6788
931	6786
932	6785
934	6783
935	6782
937	6780
939	6779
940	6777
942	6776
943	6774
945	6773
947	6771
948	6770
950	6768
951	6766
953	6765
954	6763
956	6762
958	6760
959	6759
961	6757
962	6756
964	6754
965	6753
967	6751
969	6749
970	6748
972	6746
973	6745
975	6743
976	6742
978	6740
980	6739
981	6737
983	6736
984	6734
986	6733
987	6731
989	6729
991	6728
992	6726
994	6725
996	6723
998	6722
1000	6720
1002	6719
1005	6717
1007	6716
1009	6714
1011	6713
1014	6711
1016	6709
1018	6708
1020	6706
1023	6705
1025	6703
1027	6702
1029	6700
1032	6699
1034	6697
1036	6696
1039	6694
1041	6692
1043	6691
1045	6689
1048	6688
1050	6686
1052	6685
1054	6683
1057	6682
1059	6680
1061	6679
1063	6677
1066	6676
1068	6674
1070	6672
1072	6671
1075	6669
1077	6668
1079	6666
1081	6665
1084	6663
1086	6662
1088	6660
1091	6659
1093	6657
1095	6655
1097	6654
1100	6652
1102	6651
1104	6649
1106	6648
1109	6646
1111	6645
1113	6643
1115	6642
1118	6640
1120	6639
1122	6637
1124	6635
1127	6634
1129	6632
1131	6631
1133	6629
1136	6628
1138	6626
1140	6625
1143	6623
1145	6622
1147	6620
1149	6618
1152	6617
1154	6615
1156	6614
1158	6612
1161	6611
1163	6609
1165	6608
1167	6606
1170	6605
1172	6603
1174	6602
1176	6600
1179	6598
1181	6597
1183	6595
1185	6594
1188	6592
1190	6591
1192	6589
1194	6588
1197	6586
1199	6585
1201	6583
1204	6579
1206	6576
1208	6573
1210	6570
1213	6567
1215	6564
1217	6560
1219	6557
1222	6554
1224	6551
1226	6548
1228	6545
1231	6541
1233	6538
1235	6535
1237	6532
1240	6529
1242	6526
1244	6522
1246	6519
1249	6516
1251	6513
1253	6510
1256	6507
1258	6503
1260	6500
1262	6497
1265	6494
1267	6491
1269	6488
1271	6484
1274	6481
1276	6478
1278	6475
1280	6472
1283	6469
1285	6465
1287	6462
1289	6459
1292	6456
1294	6453
1296	6449
1298	6446
1301	6443
1303	6440
1305	6437
1308	6434
1310	6430
1312	6427
1314	6424
1317	6421
1319	6418
1321	6415
1323	6411
1326	6408
1328	6405
1330	6402
1332	6399
1335	6396
1337	6392
1339	6389
1341	6386
1346	6383
1350	6380
1355	6377
1360	6373
1365	6370
1370	6367
1375	6364
1380	6361
1385	6358
1390	6354
1395	6351
1400	6348
1404	6345
1409	6342
1414	6339
1419	6335
1424	6332
1429	6329
1434	6326
1439	6323
1444	6320
1449	6316
1454	6313
1458	6310
1463	6307
1468	6304
1473	6301
1478	6297
1483	6294
1488	6291
1493	6288
1498	6285
1503	6282
1508	6278
1512	6275
1517	6272
1522	6269
1527	6266
1532	6263
1537	6259
1542	6251
1547	6243
1552	6234
1557	6225
1562	6216
1567	6208
1571	6199
1576	6190
1581	6181
1586	6173
1591	6164
1596	6155
1601	6146
1606	6138
1611	6129
1616	6120
1621	6111
1625	6103
1630	6094
1635	6085
1640	6077
1645	6068
0	0
0	0
0	0
0	0
0	0
0	0
0	0
0	0
0	0
